%YAML:1.0
---
calibration_time: "Thu Feb 21 19:51:22 2019"
nr_of_frames: 6
image_width: 3024
image_height: 3024
board_width: 9
board_height: 8
square_size: 50.
fix_aspect_ratio: 1.
# flags: +fix_aspectRatio +fix_principal_point +zero_tangent_dist +fix_k4 +fix_k5
flags: 6158
fisheye_model: 0
camera_matrix: !!opencv-matrix
   rows: 3
   cols: 3
   dt: d
   data: [ 2.9262158819202318e+03, 0., 1512., 0., 2.9262158819202318e+03,
       1512., 0., 0., 1. ]
distortion_coefficients: !!opencv-matrix
   rows: 5
   cols: 1
   dt: d
   data: [ 1.4182074573499371e-02, 8.0286508934783146e-02, 0., 0.,
       -6.7990057832614148e-01 ]
avg_reprojection_error: 3.9979249054463017e+00
per_view_reprojection_errors: !!opencv-matrix
   rows: 6
   cols: 1
   dt: f
   data: [ 4.01920509e+00, 3.75423050e+00, 3.94415545e+00,
       3.76458168e+00, 4.70034599e+00, 3.71893501e+00 ]
# a set of 6-tuples (rotation vector + translation vector) for each view
extrinsic_parameters: !!opencv-matrix
   rows: 6
   cols: 6
   dt: d
   data: [ -1.9592973764851796e-02, 2.9380838054727441e-02,
       3.1414487353921787e+00, 2.1125767432908685e+02,
       1.9296572038138194e+02, 6.3877678553466887e+02,
       2.9169372720396181e-01, 6.2549144473631024e-01,
       -3.0477544082707571e+00, 2.0554379531751346e+02,
       2.2396369884273295e+02, 7.1527505078830973e+02,
       1.7237578370531973e-02, 7.0026793140989330e-01,
       -3.0487492721128007e+00, 1.9541585062551991e+02,
       2.5337985486080922e+02, 7.1372255012099151e+02,
       4.4152048999473809e-01, -3.5935531374177349e-01,
       3.0001359637367750e+00, 1.7374780354337759e+02,
       2.1784681076549094e+02, 5.4688384873880125e+02,
       6.8737316624240619e-01, 3.8618957565129569e-01,
       2.9481753759562812e+00, 1.5769137451833129e+02,
       1.5573434928525475e+02, 4.4981894393848376e+02,
       -4.2762944322243014e-02, -7.8299730237295573e-01,
       3.0154350532141172e+00, 2.2673871737136861e+02,
       1.6317042673021174e+02, 7.2948562171978790e+02 ]
image_points: !!opencv-matrix
   rows: 6
   cols: 72
   dt: "2f"
   data: [ 2.48240894e+03, 2.39799097e+03, 2.25188867e+03,
       2.39907373e+03, 2.02944446e+03, 2.39898730e+03, 1.79812842e+03,
       2.39845020e+03, 1.56622278e+03, 2.39756885e+03, 1.33573438e+03,
       2.39811816e+03, 1.10329321e+03, 2.39927979e+03, 8.77561829e+02,
       2.39925269e+03, 6.43513489e+02, 2.39973975e+03, 2.48151123e+03,
       2.17347241e+03, 2.25034888e+03, 2.17404590e+03, 2.02726721e+03,
       2.17193140e+03, 1.79654187e+03, 2.17074292e+03, 1.56519983e+03,
       2.16970361e+03, 1.33553125e+03, 2.17045483e+03, 1.10414355e+03,
       2.17136157e+03, 8.77917969e+02, 2.17241577e+03, 6.43161804e+02,
       2.17302539e+03, 2.47964453e+03, 1.94305615e+03, 2.24803442e+03,
       1.94218018e+03, 2.02444238e+03, 1.94041528e+03, 1.79395593e+03,
       1.93771997e+03, 1.56374109e+03, 1.93697144e+03, 1.33566077e+03,
       1.93766077e+03, 1.10472876e+03, 1.93820154e+03, 8.78529053e+02,
       1.93884839e+03, 6.43593811e+02, 1.93993262e+03, 2.47951245e+03,
       1.71321301e+03, 2.24671802e+03, 1.71206775e+03, 2.02356274e+03,
       1.70999622e+03, 1.79280029e+03, 1.70877673e+03, 1.56343884e+03,
       1.70757568e+03, 1.33457471e+03, 1.70769714e+03, 1.10431042e+03,
       1.70803711e+03, 8.77847351e+02, 1.70802515e+03, 6.42167297e+02,
       1.70807812e+03, 2.47843335e+03, 1.48211743e+03, 2.24680176e+03,
       1.48200012e+03, 2.02285510e+03, 1.48105981e+03, 1.79271448e+03,
       1.47934363e+03, 1.56234607e+03, 1.47871582e+03, 1.33406726e+03,
       1.47818286e+03, 1.10297156e+03, 1.47737085e+03, 8.77324036e+02,
       1.47715234e+03, 6.40557007e+02, 1.47567224e+03, 2.47554468e+03,
       1.25145752e+03, 2.24373291e+03, 1.25132568e+03, 2.02125305e+03,
       1.25058057e+03, 1.79137891e+03, 1.24983191e+03, 1.56138672e+03,
       1.24905115e+03, 1.33335510e+03, 1.24892004e+03, 1.10335046e+03,
       1.24779944e+03, 8.77553223e+02, 1.24590918e+03, 6.42935913e+02,
       1.24433008e+03, 2.47053955e+03, 1.02925330e+03, 2.24018286e+03,
       1.02853333e+03, 2.01847205e+03, 1.02846716e+03, 1.78995654e+03,
       1.02659656e+03, 1.56038342e+03, 1.02690845e+03, 1.33254089e+03,
       1.02543567e+03, 1.10275317e+03, 1.02380945e+03, 8.77542297e+02,
       1.02133148e+03, 6.43138245e+02, 1.01920447e+03, 2.46552173e+03,
       8.01815125e+02, 2.23708765e+03, 8.00402100e+02, 2.01703052e+03,
       7.98959290e+02, 1.78829272e+03, 7.97529602e+02, 1.55920105e+03,
       7.96338501e+02, 1.33163196e+03, 7.95274231e+02, 1.10133740e+03,
       7.92868225e+02, 8.76615295e+02, 7.90601379e+02, 6.43850342e+02,
       7.88464355e+02, 2.35751807e+03, 2.43167236e+03, 2.16027515e+03,
       2.44732910e+03, 1.96611877e+03, 2.46217480e+03, 1.76013562e+03,
       2.47844751e+03, 1.54816870e+03, 2.49515576e+03, 1.33313428e+03,
       2.51283447e+03, 1.11015271e+03, 2.53219312e+03, 8.88585083e+02,
       2.55137646e+03, 6.53139832e+02, 2.57155078e+03, 2.39125659e+03,
       2.26626978e+03, 2.18874658e+03, 2.27904858e+03, 1.98970459e+03,
       2.29214844e+03, 1.77843628e+03, 2.30695703e+03, 1.56092932e+03,
       2.32126099e+03, 1.33994519e+03, 2.33781128e+03, 1.11130029e+03,
       2.35596802e+03, 8.82364990e+02, 2.37378101e+03, 6.39575989e+02,
       2.39275879e+03, 2.42721460e+03, 2.08533911e+03, 2.21953784e+03,
       2.09653247e+03, 2.01459180e+03, 2.10705127e+03, 1.79761975e+03,
       2.11872290e+03, 1.57456055e+03, 2.13170923e+03, 1.34802966e+03,
       2.14628857e+03, 1.11214307e+03, 2.16277905e+03, 8.75805481e+02,
       2.17975464e+03, 6.24012024e+02, 2.19691504e+03, 2.46650830e+03,
       1.89573645e+03, 2.25368701e+03, 1.90519666e+03, 2.04353125e+03,
       1.91469409e+03, 1.82059766e+03, 1.92553687e+03, 1.59108691e+03,
       1.93634497e+03, 1.35792773e+03, 1.94901001e+03, 1.11506409e+03,
       1.96345190e+03, 8.69197815e+02, 1.97794348e+03, 6.08017822e+02,
       1.99187366e+03, 2.51167993e+03, 1.69750537e+03, 2.29352271e+03,
       1.70581226e+03, 2.07632544e+03, 1.71367334e+03, 1.84580273e+03,
       1.72142053e+03, 1.60918726e+03, 1.73023010e+03, 1.36812000e+03,
       1.73897620e+03, 1.11690845e+03, 1.74872461e+03, 8.63057068e+02,
       1.75877600e+03, 5.91038635e+02, 1.76876453e+03, 2.55586816e+03,
       1.48244116e+03, 2.33094604e+03, 1.48700024e+03, 2.10684009e+03,
       1.49203088e+03, 1.86965515e+03, 1.49829822e+03, 1.62470117e+03,
       1.50222473e+03, 1.37640881e+03, 1.50672156e+03, 1.11749976e+03,
       1.51198389e+03, 8.55644409e+02, 1.51750049e+03, 5.75264709e+02,
       1.52300500e+03, 2.59739014e+03, 1.25747546e+03, 2.36563745e+03,
       1.25775708e+03, 2.13599365e+03, 1.25973120e+03, 1.89249756e+03,
       1.26325537e+03, 1.64015405e+03, 1.26445850e+03, 1.38457190e+03,
       1.26662036e+03, 1.11761755e+03, 1.26749207e+03, 8.47285461e+02,
       1.26948962e+03, 5.56628296e+02, 1.27224133e+03, 2.64238159e+03,
       1.01292212e+03, 2.40626831e+03, 1.00908313e+03, 2.17071265e+03,
       1.00676459e+03, 1.91872510e+03, 1.00618530e+03, 1.65900818e+03,
       1.00462823e+03, 1.39429712e+03, 1.00256958e+03, 1.11742688e+03,
       9.99543640e+02, 8.36943359e+02, 9.97092834e+02, 5.36612671e+02,
       9.94713379e+02, 2.31494312e+03, 2.54930566e+03, 2.10838013e+03,
       2.54764746e+03, 1.90879663e+03, 2.54600610e+03, 1.70212134e+03,
       2.54561353e+03, 1.49328027e+03, 2.54453296e+03, 1.28678137e+03,
       2.54416577e+03, 1.07746960e+03, 2.54377075e+03, 8.74777283e+02,
       2.54369873e+03, 6.64283997e+02, 2.54416162e+03, 2333., 2407.,
       2.12932178e+03, 2.39244385e+03, 1.92407495e+03, 2.39069971e+03,
       1.71013660e+03, 2.38957593e+03, 1.49651831e+03, 2.38740161e+03,
       1.28298779e+03, 2.38729761e+03, 1.06813367e+03, 2.38678882e+03,
       8.58294189e+02, 2.38657056e+03, 6.41284058e+02, 2.38748560e+03,
       2.37439551e+03, 2.22772607e+03, 2.15351465e+03, 2.22498315e+03,
       1.93981714e+03, 2.22023779e+03, 1.72031494e+03, 2.21793213e+03,
