<?xml version="1.0"?>
<opencv_storage>
<calibration_time>"Wed Feb 20 18:12:45 2019"</calibration_time>
<nr_of_frames>8</nr_of_frames>
<image_width>1280</image_width>
<image_height>720</image_height>
<board_width>7</board_width>
<board_height>7</board_height>
<square_size>50.</square_size>
<fix_aspect_ratio>1.</fix_aspect_ratio>
<!-- flags: +fix_aspectRatio +fix_principal_point +zero_tangent_dist +fix_k4 +fix_k5 -->
<flags>6158</flags>
<fisheye_model>0</fisheye_model>
<camera_matrix type_id="opencv-matrix">
  <rows>3</rows>
  <cols>3</cols>
  <dt>d</dt>
  <data>
    1.0577913013317891e+03 0. 640. 0. 1.0577913013317891e+03 360. 0. 0.
    1.</data></camera_matrix>
<distortion_coefficients type_id="opencv-matrix">
  <rows>5</rows>
  <cols>1</cols>
  <dt>d</dt>
  <data>
    -2.2703328799244260e-01 4.2684055985953844e+00 0. 0.
    -1.3623405440684538e+01</data></distortion_coefficients>
<avg_reprojection_error>2.5976134132866333e+00</avg_reprojection_error>
<per_view_reprojection_errors type_id="opencv-matrix">
  <rows>8</rows>
  <cols>1</cols>
  <dt>f</dt>
  <data>
    2.05173969e+00 3.27000928e+00 2.79568768e+00 1.67037535e+00
    2.39150119e+00 3.60556245e+00 1.94305766e+00 2.44485426e+00</data></per_view_reprojection_errors>
<!-- a set of 6-tuples (rotation vector + translation vector) for each view -->
<extrinsic_parameters type_id="opencv-matrix">
  <rows>8</rows>
  <cols>6</cols>
  <dt>d</dt>
  <data>
    3.1617262804880347e-01 -2.6953337090139512e-01
    1.5111890011051694e+00 1.2602617515460170e+02
    -1.3988880905838951e+02 6.1218825735062603e+02
    6.2843936987353646e-02 -3.8430954768332068e-02
    1.5482942606695584e+00 1.2965469730435217e+02
    -1.6333211254974509e+02 7.0110996321311256e+02
    2.0962012492037933e-02 -6.3145433080732366e-02
    2.9864218470282922e-01 -6.1393321246170920e+01
    -1.9621834396261832e+02 9.1149734937692926e+02
    -2.1007122662340511e-01 4.1466465130353697e-01
    2.0733355625443159e-01 -8.5777717005511160e+00
    -1.9413040680744774e+02 7.9435383656801480e+02
    2.8700233075380338e-01 -6.0821433552784666e-02
    4.5685383518866213e-01 -1.0027453508323336e+02
    -1.6021202391337309e+02 8.2857311241876721e+02
    -4.0788080624375145e-01 5.9166033064271573e-01
    1.5548495427389066e+00 1.4251252405078850e+02
    -1.0475964811986117e+02 7.9800765152878898e+02
    4.1317488678164210e-01 4.0427904304810046e-02 2.5971358913446568e-02
    -1.6025457778877410e+02 -9.8888943061041672e+01
    5.7990780159259862e+02 2.4284221202916477e-02 3.3229949781322624e-03
    -6.9893118605807540e-03 -7.9370008099238404e+01
    -1.0474782508932050e+02 9.1859455335048506e+02</data></extrinsic_parameters>
<image_points type_id="opencv-matrix">
  <rows>8</rows>
  <cols>49</cols>
  <dt>"2f"</dt>
  <data>
    8.54367676e+02 1.21411346e+02 8.52615417e+02 2.04246490e+02
    8.51441345e+02 2.83239319e+02 8.50701965e+02 3.58818085e+02
    8.49414673e+02 4.30244751e+02 8.47835388e+02 4.98014221e+02
    8.46923035e+02 5.64093262e+02 7.69681458e+02 1.24814964e+02
    7.70429199e+02 2.07495346e+02 7.71378601e+02 2.86427277e+02
    7.72164551e+02 3.62017120e+02 7.72431335e+02 4.32588959e+02
    7.72738708e+02 5.00881470e+02 7.73205017e+02 5.65597229e+02
    6.84824280e+02 1.28004684e+02 6.87711792e+02 2.10937347e+02
    6.90442932e+02 2.89947693e+02 6.92792725e+02 3.64468903e+02
    6.94960022e+02 4.35306427e+02 6.97242371e+02 5.02623566e+02
    6.98950928e+02 5.66468445e+02 5.99275696e+02 1.31165558e+02
    6.04375183e+02 2.14071655e+02 6.09218689e+02 2.92393463e+02
    6.13633911e+02 3.66525574e+02 6.18073975e+02 4.36832458e+02
    6.21856873e+02 5.03737213e+02 6.25735107e+02 5.67717896e+02
    5.13723572e+02 1.34052490e+02 5.21625305e+02 2.16188736e+02
    5.28511536e+02 2.94488342e+02 5.34997986e+02 3.68444000e+02
    5.41115051e+02 4.38871735e+02 5.47034302e+02 5.05655792e+02
    5.52228699e+02 5.69807495e+02 4.28581512e+02 1.36405212e+02
    4.38904114e+02 2.18575241e+02 4.48088593e+02 2.96652069e+02
    4.56353882e+02 3.70801849e+02 4.64560120e+02 4.40775848e+02
    4.71704498e+02 5.08263489e+02 4.78668030e+02 5.73490417e+02
    3.43364319e+02 1.39160583e+02 3.56101074e+02 2.20805771e+02
    3.67322235e+02 2.99238525e+02 3.77858490e+02 3.72849243e+02
    3.87239624e+02 4.43569672e+02 3.95754181e+02 5.12314514e+02
    4.04088196e+02 5.77151733e+02 8.37575134e+02 1.17542252e+02
    8.38579773e+02 1.92306641e+02 8.39929138e+02 2.66219116e+02
    8.41457275e+02 3.39517303e+02 8.42456665e+02 4.12571930e+02
    8.43446716e+02 4.85283295e+02 8.44745239e+02 5.57992188e+02
    7.61292847e+02 1.19436386e+02 7.62755188e+02 1.93896072e+02
    7.64337830e+02 2.67715149e+02 7.65807739e+02 3.41074615e+02
    7.67181519e+02 4.13905518e+02 7.68263428e+02 4.86716827e+02
    7.69529297e+02 5.58641785e+02 6.85172180e+02 1.20957291e+02
    6.86739136e+02 1.95193970e+02 6.88420471e+02 2.69143005e+02
    6.90183777e+02 3.42558624e+02 6.91538391e+02 4.15465698e+02
    6.93124023e+02 4.87681915e+02 6.94426880e+02 5.58966003e+02
    6.08531128e+02 1.22180733e+02 6.10494446e+02 1.96982788e+02
    6.12595276e+02 2.70808502e+02 6.14537659e+02 3.44231842e+02
    6.16656189e+02 4.16552094e+02 6.18485046e+02 4.88584778e+02
    6.20311523e+02 5.59612732e+02 5.32532104e+02 1.24418350e+02
    5.35284241e+02 1.99050171e+02 5.37477844e+02 2.72727356e+02
    5.39622437e+02 3.45590729e+02 5.42006531e+02 4.18086517e+02
    5.44140381e+02 4.89551117e+02 5.45948120e+02 5.60892456e+02
    4.57091705e+02 1.26405380e+02 4.60208954e+02 2.01028259e+02
    4.63045776e+02 2.74446777e+02 4.65242981e+02 3.47192352e+02
    4.67666779e+02 4.19219788e+02 4.70047546e+02 4.91126648e+02
    4.71606232e+02 5.62757446e+02 3.81733185e+02 1.28691559e+02
    3.85349152e+02 2.02526184e+02 3.88287476e+02 2.76282837e+02
    3.90843231e+02 3.48558472e+02 3.93259888e+02 4.20732422e+02
    3.94710236e+02 4.92884949e+02 3.96764496e+02 5.64476807e+02
    5.64838623e+02 1.32484497e+02 6.21934204e+02 1.51145737e+02
    6.78481201e+02 1.69600388e+02 7.34216248e+02 1.87975784e+02
    7.88660217e+02 2.06341995e+02 8.42047180e+02 2.24412811e+02
    8.94586609e+02 2.41795425e+02 5.48070923e+02 1.87901764e+02
    6.05166565e+02 2.06331406e+02 6.61583740e+02 2.24436371e+02
    7.17292786e+02 2.42277145e+02 7.72302368e+02 2.60113312e+02
    8.25276001e+02 2.77483795e+02 8.77804138e+02 2.94913727e+02
    5.31213379e+02 2.43302856e+02 5.88354797e+02 2.61205688e+02
    6.44669739e+02 2.78845551e+02 7.00622559e+02 2.96402344e+02
    7.55518250e+02 3.13758484e+02 8.09019958e+02 3.31010040e+02
    8.61477417e+02 3.47548950e+02 5.14426880e+02 2.98141327e+02
    5.71522705e+02 3.15689484e+02 6.28051575e+02 3.33024323e+02
    6.83748474e+02 3.50330475e+02 7.39005615e+02 3.67335236e+02
    7.92997314e+02 3.83986816e+02 8.45845459e+02 4.00278351e+02
    4.97494781e+02 3.53002655e+02 5.55007874e+02 3.70038147e+02
    6.11257446e+02 3.87212036e+02 6.67142395e+02 4.03888763e+02
    7.22066711e+02 4.20506531e+02 7.76291077e+02 4.36799744e+02
    8.29312256e+02 4.52680450e+02 4.80816193e+02 4.07887787e+02
    5.38163879e+02 4.24564270e+02 5.94608582e+02 4.40883026e+02
    6.50246582e+02 4.57408630e+02 7.05437561e+02 4.73603882e+02
    7.59647888e+02 4.89626770e+02 8.12705933e+02 5.05021423e+02
    4.63851379e+02 4.62633392e+02 5.21569397e+02 4.78746338e+02
    5.77937622e+02 4.94635986e+02 6.33838562e+02 5.10509949e+02
    6.88638000e+02 5.26311890e+02 7.43342957e+02 5.42248169e+02
    7.96589783e+02 5.57596924e+02 6.28773010e+02 1.04733627e+02
    6.88111267e+02 1.06779945e+02 7.51523987e+02 1.08877510e+02
    8.19537842e+02 1.11074585e+02 8.93415283e+02 1.14680244e+02
    9.72844299e+02 1.18478180e+02 1.05807837e+03 1.22938812e+02
    6.13407410e+02 1.65931427e+02 6.73120789e+02 1.70572968e+02
    7.36454773e+02 1.75073059e+02 8.03991638e+02 1.79557785e+02
    8.78062378e+02 1.85519409e+02 9.57583130e+02 1.92049713e+02
    1.04335498e+03 1.98944809e+02 5.96992859e+02 2.27958450e+02
